1101907203638861824
1101907203638861824
1101498559935897600
1101498559935897600
1101498559935897600
1101498559935897600
1101498383972352007
1101498290196099074
1101498290196099074
1101498290196099074
1101498290196099074
1101498290196099074
1101498290196099074
1101498290196099074
1101498290196099074
1101498290196099074
1101498290196099074
1101911248931876866
1101911248931876866
1101911248931876866
1101911074121674752
1101911074121674752
1101911298089148417
1101911298089148417
1101911298089148417
1101911298089148417
1101993869653303298
1101993869653303298
1101993869653303298
1101993869653303298
1101993869653303298
1101993869653303298
1101993869653303298
1101993869653303298
1101993869653303298
1101993869653303298
1101993869653303298
1101993869653303298
1101993869653303298
1101993869653303298
1101993869653303298
1101993869653303298
1101993869653303298
1101993869653303298
1101993869653303298
1101993869653303298
1101993869653303298
1101993869653303298
1101993869653303298
1101993869653303298
1101993869653303298
1101993869653303298
1101993869653303298
1101993869653303298
1101993869653303298
1101993869653303298
1101995066258849792
1101995066258849792
1101995066258849792
1101995066258849792
1101995066258849792
1101995066258849792
1101995066258849792
1101995066258849792
1101995066258849792
1101995066258849792
1101995066258849792
1101995066258849792
1101995066258849792
1101995066258849792
1101995066258849792
1101995066258849792
1101995066258849792
1101995066258849792
1101995066258849792
1101995066258849792
1101995016891830273
1101995016891830273
1101995016891830273
1101995016891830273
1101995016891830273
1101995016891830273
1101995016891830273
1101995016891830273
1101995016891830273
1101995016891830273
1101995016891830273
1101995016891830273
1101995016891830273
1101995016891830273
1101995016891830273
1101995016891830273
1101995016891830273
1101995016891830273
1101995016891830273
1101995016891830273
1101995016891830273
1101995016891830273
1101995016891830273
1101995016891830273
1101995016891830273
1102015610224025600
1102015610224025600
1102015610224025600
1102015610224025600
1102015610224025600
1102015610224025600
1102015610224025600
1102015610224025600
1102015610224025600
1102015610224025600
1102015610224025600
1102015610224025600
1102015610224025600
1102015610224025600
1102015610224025600
1102015610224025600
1102015610224025600
1102015610224025600
1102015610224025600
1102015610224025600
1102015610224025600
1102015610224025600
1102015610224025600
1102015610224025600
1102015610224025600
1102015610224025600
1102015610224025600
1102015610224025600
1102015610224025600
1102015610224025600
1102015610224025600
1102015610224025600
1102015610224025600
1102015610224025600
1102015610224025600
1102015610224025600
1102015610224025600
1102015610224025600
1102015610224025600
1102015610224025600
1102315101028274182
1102315101028274182
1102315101028274182
1102315101028274182
1102315101028274182
1102315101028274182
1102315101028274182
1102315101028274182
1102315101028274182
1102315101028274182
1102315101028274182
1102315101028274182
1102315101028274182
1102315101028274182
1102315101028274182
1102315069105410049
1102315069105410049
1102315069105410049
1102315069105410049
1102315069105410049
1102315069105410049
1102315069105410049
1102315069105410049
1102315069105410049
1102315069105410049
1102315026197696512
1102315026197696512
1102315026197696512
1102315026197696512
1102315026197696512
1102315026197696512
1102315026197696512
1102315026197696512
1102315026197696512
1102315026197696512
1102321666154205184
1102318520912744448
1102318445343969280
1102318398124539904
1102318287659167744
1102318220508364801
1102318091852304386
1102317995697860610
1102314712442785795
1102314631031328769
1102314425594363905
1102314314948624387
1102314272493895687
1102016288019361792
1102016257711329280
1102016223796256768
1102016157987627008
1102016120951922689
1102016023073619968
1102015978639147008
1102015951116083201
1102015905779859462
1102015867620085762
1102015826616614914
1102015798384779264
1102015771415334914
1102015734228627456
1102015661860110336
1102015572857028609
1102015540418236416
1102015488530501632
1102015436688949249
1102015282938290176
1102015124557258757
1102015082454753281
1102015057234411520
1102015020920127488
1102014988330434560
1102014938095255553
1102330085145751552
1102330085145751552
1102330085145751552
1102330085145751552
1102330085145751552
1102330085145751552
1102330085145751552
1102330085145751552
1102330085145751552
1102330085145751552
1102330085145751552
1102330085145751552
1102330085145751552
1102330085145751552
1102330085145751552
1102330044444278784
1102330044444278784
1102330044444278784
1102330044444278784
1102330044444278784
1102330044444278784
1102330044444278784
1102330044444278784
1102330044444278784
1102330044444278784
1102330044444278784
1102330044444278784
1102330044444278784
1102330044444278784
1102330044444278784
1102330044444278784
1102329961162174465
1102329961162174465
1102329961162174465
1102329961162174465
1102329961162174465
1102329961162174465
1102329961162174465
1102329961162174465
1102329961162174465
1102329961162174465
1102329961162174465
1102329961162174465
1102329961162174465
1102329961162174465
1102329961162174465
1102331762577981441
1102331762577981441
1102331762577981441
1102331762577981441
1102331762577981441
1102331762577981441
1102331762577981441
1102331762577981441
1102331762577981441
1102331762577981441
1102331762577981441
1102331762577981441
1102331762577981441
1102331762577981441
1102331762577981441
1102330885288927233
1102330885288927233
1102330885288927233
1102330885288927233
1102330885288927233
1102330885288927233
1102330885288927233
1102330885288927233
1102330885288927233
1102330885288927233
1102330885288927233
1102330885288927233
1102330885288927233
1102330885288927233
1102330885288927233
1102331707750039553
1102331188302307328
1102330994630320128
1102330952464957440
1102330464663191553
1102332899989340160
1102332899989340160
1102332899989340160
1102332899989340160
1102332899989340160
1102332899989340160
1102332899989340160
1102332899989340160
1102332899989340160
1102332899989340160
1102332899989340160
1102332899989340160
1102332899989340160
1102332899989340160
1102332899989340160
1102332899989340160
1102332899989340160
1102332899989340160
1102332899989340160
1102332899989340160
1102332899989340160
1102332899989340160
1102332899989340160
1102332899989340160
1102332899989340160
1102332899989340160
1102332899989340160
1102332899989340160
1102332899989340160
1102332899989340160
1102332899989340160
1102332899989340160
1102332899989340160
1102332899989340160
1102332899989340160
1102332899989340160
1102332899989340160
1102332899989340160
1102332899989340160
1102332899989340160
1102332899989340160
1102332899989340160
1102332899989340160
1102332899989340160
1102332899989340160
1102332899989340160
1102332899989340160
1102332899989340160
1102332899989340160
1102332899989340160
1102332715674816513
1102332633260978176
1102332542139723778
1102332501329104901
1102332332030218241
1102333485887430656
1102333738455887872
1102333738455887872
1102333738455887872
1102333738455887872
1102333738455887872
1102333738455887872
1102333738455887872
1102333738455887872
1102333738455887872
1102333738455887872
1102333738455887872
1102333738455887872
1102333738455887872
1102333738455887872
1102333738455887872
1102333738455887872
1102333738455887872
1102333738455887872
1102333738455887872
1102333738455887872
1102333514857496576
1102333514857496576
1102333514857496576
1102333514857496576
1102333514857496576
1102333514857496576
1102333514857496576
1102333514857496576
1102333514857496576
1102333514857496576
1102333514857496576
1102333514857496576
1102333514857496576
1102333514857496576
1102333514857496576
1102333514857496576
1102333514857496576
1102333514857496576
1102333514857496576
1102333514857496576
1102333818055389184
1102334415416508416
1102334415416508416
1102334415416508416
1102334415416508416
1102334415416508416
1102334415416508416
1102334415416508416
1102334415416508416
1102334415416508416
1102334415416508416
1102334415416508416
1102334415416508416
1102334415416508416
1102334415416508416
1102334415416508416
1102334415416508416
1102334415416508416
1102334415416508416
1102334415416508416
1102334415416508416
1102334128953937921
1102334128953937921
1102334128953937921
1102334128953937921
1102334128953937921
1102334128953937921
1102334128953937921
1102334128953937921
1102334128953937921
1102334128953937921
1102334128953937921
1102334128953937921
1102334128953937921
1102334128953937921
1102334128953937921
1102334128953937921
1102334128953937921
1102334128953937921
1102334128953937921
1102334128953937921
1102334718702469120
1102334096548728833
1102336676716785666
1102336676716785666
1102336676716785666
1102336676716785666
1102336676716785666
1102336676716785666
1102336676716785666
1102336676716785666
1102336676716785666
1102336676716785666
1102336676716785666
1102336676716785666
1102336676716785666
1102336676716785666
1102336676716785666
1102336676716785666
1102336676716785666
1102336676716785666
1102336676716785666
1102336676716785666
1102336825610420225
1102336626846588928
1102336580499488769
1102336297400745985
1102336225321603072
1102336091154202624
1102335958442262531
1102335873801175043
1102335815479422976
1102335203723366401
1102335081308454912
1102365965675683840
1102365965675683840
1102365965675683840
1102365965675683840
1102365965675683840
1102365965675683840
1102365965675683840
1102365965675683840
1102365965675683840
1102365965675683840
1102365965675683840
1102365965675683840
1102365965675683840
1102365965675683840
1102365965675683840
1102365965675683840
1102365965675683840
1102365965675683840
1102365965675683840
1102365965675683840
1102365813162561536
1102365813162561536
1102365813162561536
1102365813162561536
1102365813162561536
1102365813162561536
1102365813162561536
1102365813162561536
1102365813162561536
1102365813162561536
1102365813162561536
1102365813162561536
1102365813162561536
1102365813162561536
1102365813162561536
1102365813162561536
1102365813162561536
1102365813162561536
1102365813162561536
1102365813162561536
1102366458254934017
1102366385525702656
1102366154159472640
1102367451466084352
1102367451466084352
1102367451466084352
1102367451466084352
1102367451466084352
1102367451466084352
1102367451466084352
1102367451466084352
1102367451466084352
1102367451466084352
1102367451466084352
1102367451466084352
1102367451466084352
1102367451466084352
1102367451466084352
1102367451466084352
1102367451466084352
1102367451466084352
1102367451466084352
1102367451466084352
1102367042433413120
1102367042433413120
1102367042433413120
1102367042433413120
1102367042433413120
1102367042433413120
1102367042433413120
1102367042433413120
1102367042433413120
1102367042433413120
1102367042433413120
1102367042433413120
1102367042433413120
1102367042433413120
1102367042433413120
1102367042433413120
1102367042433413120
1102367042433413120
1102367042433413120
1102367042433413120
1102367354200182784
1102367298273374208
1102366912737095681
1102366630473027584
1102368303744458753
1102368303744458753
1102368303744458753
1102368303744458753
1102368303744458753
1102368303744458753
1102368303744458753
1102368303744458753
1102368303744458753
1102368303744458753
1102368303744458753
1102368303744458753
1102368303744458753
1102368303744458753
1102368303744458753
1102368303744458753
1102368303744458753
1102368303744458753
1102368303744458753
1102368303744458753
1102368303744458753
1102368303744458753
1102368303744458753
1102368303744458753
1102368303744458753
1102368303744458753
1102368303744458753
1102368303744458753
1102368303744458753
1102368303744458753
1102370004069175298
1102370004069175298
1102370004069175298
1102370004069175298
1102370004069175298
1102370004069175298
1102370004069175298
1102370004069175298
1102370004069175298
1102370004069175298
1102370004069175298
1102370004069175298
1102370004069175298
1102370004069175298
1102370004069175298
1102370004069175298
1102370004069175298
1102370004069175298
1102370004069175298
1102370004069175298
1102369611721424896
1102369611721424896
1102369611721424896
1102369611721424896
1102369611721424896
1102369611721424896
1102369611721424896
1102369611721424896
1102369611721424896
1102369611721424896
1102369611721424896
1102369611721424896
1102369611721424896
1102369611721424896
1102369611721424896
1102369611721424896
1102369611721424896
1102369611721424896
1102369611721424896
1102369611721424896
1102370714986926081
1102369954236715009
1102371120567775232
1102371120567775232
1102371120567775232
1102371120567775232
1102371120567775232
1102371120567775232
1102371120567775232
1102371120567775232
1102371120567775232
1102371120567775232
1102371120567775232
1102371120567775232
1102371120567775232
1102371120567775232
1102371120567775232
1102371120567775232
1102371120567775232
1102371120567775232
1102371120567775232
1102371120567775232
1102371120567775232
1102371120567775232
1102371441952129024
1102371352080773120
1102372735701921792
1102372735701921792
1102372735701921792
1102372735701921792
1102372735701921792
1102372735701921792
1102372735701921792
1102372735701921792
1102372735701921792
1102372735701921792
1102372735701921792
1102372735701921792
1102372735701921792
1102372735701921792
1102372735701921792
1102372735701921792
1102372735701921792
1102372735701921792
1102372735701921792
1102372735701921792
1102372849678012418
1102372690676105216
1102409540933480450
1102409540933480450
1102409540933480450
1102409540933480450
1102409540933480450
1102409540933480450
1102409540933480450
1102409540933480450
1102409540933480450
1102409540933480450
1102409540933480450
1102409540933480450
1102409540933480450
1102409540933480450
1102409540933480450
1102409540933480450
1102409540933480450
1102409540933480450
1102409540933480450
1102409540933480450
1102409540933480450
1102410262429212672
1102410262429212672
1102410262429212672
1102410262429212672
1102410262429212672
1102410262429212672
1102410262429212672
1102410262429212672
1102410262429212672
1102410262429212672
1102410262429212672
1102410262429212672
1102410262429212672
1102410262429212672
1102410262429212672
1102410262429212672
1102410262429212672
1102410262429212672
1102410262429212672
1102410262429212672
1102410262429212672
1102410262429212672
1102410262429212672
1102410262429212672
1102410262429212672
1102410262429212672
1102410262429212672
1102410262429212672
1102410262429212672
1102410262429212672
1102411099142606850
1102410915532689408
1102410576075112455
1102410516142669824
1102410212986769408
1102411970400210944
1102411970400210944
1102411970400210944
1102411970400210944
1102411970400210944
1102411970400210944
1102411970400210944
1102411970400210944
1102411970400210944
1102411970400210944
1102411970400210944
1102411970400210944
1102411970400210944
1102411970400210944
1102411970400210944
1102411970400210944
1102411970400210944
1102411970400210944
1102411970400210944
1102411970400210944
1102411970400210944
1102411970400210944
1102411970400210944
1102411970400210944
1102411970400210944
1102411970400210944
1102411970400210944
1102411970400210944
1102411970400210944
1102411970400210944
1102412355248578560
1102412071843622912
1102413063704195077
1102413063704195077
1102413063704195077
1102413063704195077
1102413063704195077
1102413063704195077
1102413063704195077
1102413063704195077
1102413063704195077
1102413063704195077
1102413063704195077
1102413063704195077
1102413063704195077
1102413063704195077
1102413063704195077
1102413063704195077
1102413063704195077
1102413063704195077
1102413063704195077
1102413063704195077
1102413063704195077
1102413063704195077
1102413063704195077
1102413063704195077
1102413063704195077
1102413063704195077
1102413063704195077
1102413063704195077
1102413063704195077
1102413063704195077
1102413063704195077
1102413063704195077
1102413063704195077
1102413063704195077
1102413063704195077
1102413565695270913
1102413463677227010
1102413024181268480
1102414190709485568
1102414190709485568
1102414190709485568
1102414190709485568
1102414190709485568
1102414190709485568
1102414190709485568
1102414190709485568
1102414190709485568
1102414190709485568
1102414190709485568
1102414190709485568
1102414190709485568
1102414190709485568
1102414190709485568
1102414190709485568
1102414190709485568
1102414190709485568
1102414190709485568
1102414190709485568
1102414190709485568
1102414190709485568
1102414190709485568
1102414190709485568
1102414190709485568
1102414190709485568
1102414190709485568
1102414190709485568
1102414190709485568
1102414190709485568
1102414190709485568
1102414190709485568
1102414190709485568
1102414190709485568
1102414190709485568
1102415032783122435
1102414988516491265
1102414853099188224
1102414753933262852
1102414559451725829
1102414495333392385
1102415632862203904
1102417322822778880
1102417322822778880
1102417322822778880
1102417322822778880
1102417322822778880
1102417322822778880
1102417322822778880
1102417322822778880
1102417322822778880
1102417322822778880
1102417322822778880
1102417322822778880
1102417322822778880
1102417322822778880
1102417322822778880
1102417322822778880
1102417322822778880
1102417322822778880
1102417322822778880
1102417322822778880
1102417322822778880
1102417322822778880
1102417322822778880
1102417322822778880
1102417322822778880
1102417322822778880
1102417322822778880
1102417322822778880
1102417322822778880
1102417322822778880
1102417322822778880
1102417322822778880
1102417322822778880
1102417322822778880
1102417322822778880
1102417322822778880
1102417322822778880
1102417322822778880
1102417322822778880
1102417322822778880
1102417282251325440
1102417167079874562
1102417091347529728
1102416904373891073
1102549939291389952
1102549939291389952
1102549939291389952
1102549939291389952
1102549939291389952
1102549939291389952
1102549939291389952
1102549939291389952
1102549939291389952
1102549939291389952
1102549939291389952
1102549939291389952
1102549939291389952
1102549939291389952
1102549939291389952
1102549939291389952
1102549939291389952
1102549939291389952
1102549939291389952
1102549939291389952
1102549939291389952
1102549939291389952
1102549939291389952
1102549939291389952
1102549939291389952
1102549939291389952
1102549939291389952
1102549939291389952
1102549939291389952
1102549939291389952
1102549939291389952
1102549939291389952
1102549939291389952
1102549939291389952
1102549939291389952
1102549939291389952
1102549939291389952
1102549939291389952
1102549939291389952
1102549939291389952
1102549939291389952
1102549939291389952
1102549939291389952
1102549939291389952
1102549939291389952
1102549939291389952
1102549939291389952
1102549939291389952
1102549939291389952
1102549939291389952
1102591614420160514
1102591614420160514
1102591614420160514
1102591614420160514
1102591614420160514
1102591614420160514
1102591614420160514
1102591614420160514
1102591614420160514
1102591614420160514
1102591614420160514
1102591614420160514
1102591614420160514
1102591614420160514
1102591614420160514
1102591614420160514
1102591614420160514
1102591614420160514
1102591614420160514
1102591614420160514
1102591614420160514
1102591614420160514
1102591614420160514
1102591614420160514
1102591614420160514
1102591614420160514
1102591614420160514
1102591614420160514
1102591614420160514
1102591614420160514
1102591537475665920
1102591537475665920
1102591537475665920
1102591537475665920
1102591537475665920
1102591537475665920
1102591537475665920
1102591537475665920
1102591537475665920
1102591537475665920
1102591537475665920
1102591537475665920
1102591537475665920
1102591537475665920
1102591537475665920
1102591537475665920
1102591537475665920
1102591537475665920
1102591537475665920
1102591537475665920
1102591537475665920
1102591537475665920
1102591537475665920
1102591537475665920
1102591537475665920
1102591537475665920
1102591537475665920
1102591537475665920
1102591537475665920
1102591537475665920
1102591581360672768
1102594212929908738
1102594212929908738
1102594212929908738
1102594212929908738
1102594212929908738
1102594212929908738
1102594212929908738
1102594212929908738
1102594212929908738
1102594212929908738
1102594212929908738
1102594212929908738
1102594212929908738
1102594212929908738
1102594212929908738
1102594212929908738
1102594212929908738
1102594212929908738
1102594212929908738
1102594212929908738
1102594212929908738
1102594212929908738
1102594212929908738
1102594212929908738
1102594212929908738
1102594212929908738
1102594212929908738
1102594212929908738
1102594212929908738
1102594212929908738
1102594153404420096
1102594153404420096
1102594153404420096
1102594153404420096
1102594153404420096
1102594153404420096
1102594153404420096
1102594153404420096
1102594153404420096
1102594153404420096
1102594153404420096
1102594153404420096
1102594153404420096
1102594153404420096
1102594153404420096
1102594153404420096
1102594153404420096
1102594153404420096
1102594153404420096
1102594153404420096
1102594153404420096
1102594153404420096
1102594153404420096
1102594153404420096
1102594153404420096
1102594153404420096
1102594153404420096
1102594153404420096
1102594153404420096
1102594153404420096
1102593396957421569
1102592763282026496
1102596287357222912
1102596287357222912
1102596287357222912
1102596287357222912
1102596287357222912
1102596250522783744
1102596250522783744
1102596250522783744
1102596250522783744
1102596250522783744
1102596250522783744
1102596250522783744
1102596250522783744
1102596250522783744
1102596250522783744
1102596250522783744
1102596250522783744
1102596250522783744
1102596250522783744
1102596250522783744
1102596250522783744
1102596250522783744
1102596250522783744
1102596250522783744
1102596250522783744
1102596250522783744
1102596250522783744
1102596250522783744
1102596250522783744
1102596250522783744
1102596250522783744
1102596250522783744
1102596250522783744
1102596250522783744
1102596250522783744
1102596483340292097
1102596351630721024
1102757424899989504
1102757424899989504
1102757424899989504
1102757424899989504
1102757424899989504
1102757424899989504
1102757424899989504
1102757424899989504
1102757424899989504
1102757424899989504
1102757424899989504
1102757424899989504
1102757424899989504
1102757424899989504
1102757424899989504
1102757424899989504
1102757424899989504
1102757424899989504
1102757424899989504
1102757424899989504
1102757424899989504
1102757424899989504
1102757424899989504
1102757424899989504
1102757424899989504
1102757424899989504
1102757424899989504
1102757424899989504
1102757424899989504
1102757424899989504
1102757424899989504
1102757424899989504
1102757424899989504
1102757424899989504
1102757424899989504
1102757424899989504
1102757424899989504
1102757424899989504
1102757424899989504
1102757424899989504
1102757607750668288
1102762974694047745
1102762974694047745
1102762974694047745
1102762974694047745
1102762974694047745
1102762974694047745
1102762974694047745
1102762974694047745
1102762974694047745
1102762974694047745
1102762974694047745
1102762974694047745
1102762974694047745
1102762974694047745
1102762974694047745
1102762974694047745
1102762974694047745
1102762974694047745
1102762974694047745
1102762974694047745
1102762974694047745
1102762974694047745
1102762974694047745
1102762974694047745
1102762974694047745
1102762974694047745
1102762974694047745
1102762974694047745
1102762974694047745
1102762974694047745
1102757679016173568
1102757679016173568
1102757679016173568
1102757679016173568
1102757679016173568
1102757679016173568
1102757679016173568
1102757679016173568
1102757679016173568
1102757679016173568
1102757679016173568
1102757679016173568
1102757679016173568
1102757679016173568
1102757679016173568
1102757679016173568
1102757679016173568
1102757679016173568
1102757679016173568
1102757679016173568
1102757679016173568
1102757679016173568
1102757679016173568
1102757679016173568
1102757679016173568
1102757679016173568
1102757679016173568
1102757679016173568
1102757679016173568
1102757679016173568
1102757679016173568
1102757679016173568
1102757679016173568
1102757679016173568
1102757679016173568
1102757679016173568
1102757679016173568
1102757679016173568
1102757679016173568
1102757679016173568
1102759204966883328
1102763811625451520
1102763811625451520
1102763811625451520
1102763811625451520
1102763811625451520
1102763811625451520
1102763811625451520
1102763811625451520
1102763811625451520
1102763811625451520
1102763811625451520
1102763811625451520
1102763811625451520
1102763811625451520
1102763811625451520
1102763636832067584
1102763636832067584
1102763636832067584
1102763636832067584
1102763636832067584
1102763636832067584
1102763636832067584
1102763636832067584
1102763636832067584
1102763636832067584
1102763636832067584
1102763636832067584
1102763636832067584
1102763636832067584
1102763636832067584
1102763636832067584
1102763636832067584
1102763636832067584
1102763636832067584
1102763636832067584
1102763532679024641
1102763532679024641
1102763532679024641
1102763532679024641
1102763532679024641
1102763532679024641
1102763532679024641
1102763532679024641
1102763532679024641
1102763532679024641
1102763532679024641
1102763532679024641
1102763532679024641
1102763532679024641
1102763532679024641
1102763532679024641
1102763532679024641
1102763532679024641
1102763532679024641
1102763532679024641
1102763024987889665
1102763024987889665
1102763024987889665
1102763024987889665
1102763024987889665
1102763024987889665
1102763024987889665
1102763024987889665
1102763024987889665
1102763024987889665
1102763024987889665
1102763024987889665
1102763024987889665
1102763024987889665
1102763024987889665
1102763024987889665
1102763024987889665
1102763024987889665
1102763024987889665
1102763024987889665
1102764271803482112
1102764184339705856
1102763769674035200
1102763727500337153
1102763687595646976
1102763604384890881
1102763569987366912
1102763496243118082
1102763426072403968
1102763390458646528
1102765105316577282
1102765105316577282
1102765105316577282
1102765105316577282
1102765105316577282
1102765105316577282
1102765105316577282
1102765105316577282
1102765105316577282
1102765105316577282
1102765105316577282
1102765105316577282
1102765105316577282
1102765105316577282
1102765105316577282
1102765105316577282
1102765105316577282
1102765105316577282
1102764996306575360
1102764996306575360
1102764996306575360
1102764996306575360
1102764996306575360
1102764996306575360
1102764996306575360
1102764996306575360
1102764996306575360
1102764996306575360
1102764996306575360
1102764996306575360
1102764996306575360
1102764996306575360
1102764996306575360
1102764996306575360
1102764996306575360
1102764996306575360
1102764823773958146
1102764823773958146
1102764823773958146
1102764823773958146
1102764823773958146
1102764823773958146
1102764823773958146
1102764823773958146
1102764823773958146
1102764823773958146
1102764823773958146
1102764823773958146
1102764823773958146
1102764823773958146
1102764823773958146
1102764823773958146
1102764823773958146
1102764823773958146
1102765889273905152
1102765824207663108
1102765772739354626
1102765719136206849
1102765605239832577
1102765443016728578
1102765372334317570
1102765298472636417
1102767209850515460
1102767209850515460
1102767209850515460
1102767209850515460
1102767209850515460
1102767209850515460
1102767209850515460
1102767209850515460
1102767209850515460
1102767209850515460
1102767209850515460
1102767209850515460
1102767209850515460
1102767209850515460
1102767209850515460
1102767168201072640
1102767168201072640
1102767168201072640
1102767168201072640
1102767168201072640
1102767168201072640
1102767168201072640
1102767168201072640
1102767168201072640
1102767168201072640
1102767168201072640
1102767168201072640
1102767168201072640
1102767168201072640
1102767168201072640
1102767142397710336
1102767142397710336
1102767142397710336
1102767142397710336
1102767142397710336
1102767142397710336
1102767142397710336
1102767142397710336
1102767142397710336
1102767142397710336
1102767142397710336
1102767142397710336
1102767142397710336
1102767142397710336
1102767142397710336
1102767473521233920
1102766729665622016
1102773043062104064
1102773043062104064
1102773043062104064
1102773043062104064
1102773043062104064
1102773043062104064
1102773043062104064
1102772779189977088
1102772779189977088
1102772779189977088
1102772779189977088
1102772779189977088
1102772779189977088
1102772779189977088
1102772779189977088
1102772779189977088
1102772779189977088
1102772779189977088
1102772779189977088
1102772779189977088
1102772779189977088
1102772779189977088
1102772779189977088
1102772779189977088
1102772779189977088
1102772779189977088
1102772779189977088
1102771887946547201
1102771887946547201
1102771887946547201
1102771887946547201
1102771887946547201
1102771887946547201
1102771887946547201
1102771887946547201
1102771887946547201
1102771887946547201
1102771887946547201
1102771887946547201
1102771887946547201
1102771887946547201
1102771887946547201
1102771887946547201
1102771887946547201
1102771887946547201
1102771887946547201
1102771887946547201
1102767624793018368
1102767624793018368
1102767624793018368
1102767624793018368
1102767624793018368
1102767624793018368
1102767624793018368
1102767624793018368
1102767624793018368
1102767624793018368
1102767624793018368
1102767624793018368
1102767624793018368
1102767624793018368
1102767624793018368
1102773109579489281
1102772819916668928
1102772478194126850
1102772364096532481
1102771970981146624
1102771471309570048
1103010642762584070
1103010642762584070
1103010642762584070
1103010642762584070
1103010642762584070
1103010642762584070
1103010642762584070
1103010642762584070
1103010642762584070
1103010642762584070
1103010642762584070
1103010642762584070
1103010642762584070
1103010642762584070
1103010642762584070
1103010642762584070
